-6457 11
-6439 670
-6387 1326
-6302 1975
-6186 2614
-6041 3241
-5868 3853
-5671 4450
-5453 5030
-5215 5591
-4960 6135
-4691 6661
-4410 7170
-4118 7661
-3817 8136
-3508 8594
-3193 9037
-2873 9465
-2549 9879
-2221 10280
-1890 10669
-1557 11045
-1223 11409
-888 11763
-551 12107
-214 12441
121 12765
458 13081
795 13389
1131 13688
1467 13980
1801 14265
2135 14542
2468 14814
2800 15078
3131 15337
3460 15591
3788 15838
4441 16318
4766 16551
5411 17002
5731 17221
6368 17647
6684 17854
7312 18257
7625 18454
8553 19024
8859 19208
9771 19742
10073 19915
10969 20417
11560 20741
12438 21209
13017 21511
13877 21950
14726 22372
15566 22780
16396 23173
17488 23677
18297 24041
19363 24509
20413 24959
21450 25391
22727 25910
23734 26308
25223 26880
26200 27246
27884 27859
29067 28277
30698 28836
32072 29294
33874 29877
35422 30361
37377 30954
39082 31455
41175 32048
43022 32554
45237 33140
47407 33694
49727 34264
52188 34845
54781 35433
57318 35985
60155 36576
62928 37128
65977 37707
69119 38276
72349 38831
75815 39395
79349 39938
83093 40478
86886 40992
90865 41495
94879 41967
99189 42435
103383 42854
107972 43270
112434 43636
117252 43988
121819 44282
126937 44566
131577 44782
136834 44982
141627 45122
146988 45231
151896 45288
157232 45303
162226 45274
167520 45196
172484 45079
177724 44910
182564 44712
187660 44458
192376 44182
197329 43848
201848 43503
206592 43100
210925 42693
215404 42234
219498 41777
223731 41268
227602 40767
231607 40214
235213 39683
238951 39100
242314 38545
245804 37937
248892 37371
252156 36743
254991 36172
258000 35539
260651 34957
263423 34322
265860 33742
268416 33110
270655 32535
273054 31897
275111 31330
277324 30700
279213 30143
281255 29523
283027 28967
284910 28358
286537 27817
288272 27222
289799 26683
291398 26104
292832 25570
294304 25007
295651 24478
297004 23933
298270 23411
299543 22872
300733 22356
301902 21837
303020 21328
304119 20817
305171 20317
306204 19814
307193 19321
308164 18827
309093 18344
310007 17859
310905 17372
311764 16896
312608 16419
313415 15954
314232 15473
314990 15018
315780 14533
316491 14089
317257 13601
317924 13168
318665 12677
319311 12241
320008 11762
320634 11323
321310 10841
321916 10400
322570 9915
323158 9472
323792 8984
324361 8539
324975 8049
325526 7602
326121 7110
326656 6660
327249 6152
327767 5701
328358 5176
328859 4723
329448 4182
329949 3713
330534 3156
331034 2671
331615 2098
332113 1598
332704 994
333213 464
333812 -168
334332 -728
334949 -1405
335503 -2023
336150 -2758
336747 -3447
337443 -4266
338113 -5069
338899 -6027
339712 -7037
340719 -8309
341968 -9916
347060 -16564
347069 -16576
348498 -18380
348507 -18391
349532 -19642
349540 -19653
350348 -20604
350356 -20614
351035 -21388
351043 -21397
351625 -22037
351634 -22046
352139 -22584
352148 -22593
352605 -23062
352613 -23070
353023 -23477
353031 -23485
353396 -23835
353404 -23842
353740 -24153
353748 -24160
354050 -24430
354057 -24437
354340 -24681
354348 -24687
354605 -24901
354612 -24907
354852 -25100
354859 -25106
355081 -25278
355088 -25284
355301 -25443
355308 -25448
355504 -25589
355512 -25594
355699 -25724
355706 -25729
355877 -25844
355884 -25848
356047 -25953
356054 -25958
356208 -26053
356215 -26058
356361 -26145
356368 -26149
356507 -26228
356514 -26231
356644 -26303
356651 -26307
356780 -26375
356787 -26378
356909 -26439
356915 -26443
357030 -26498
357036 -26501
357150 -26553
357157 -26556
357263 -26602
357269 -26605
357368 -26646
357375 -26649
357473 -26688
357480 -26690
357571 -26725
357577 -26727
357668 -26759
357675 -26762
357765 -26792
357771 -26794
357855 -26820
357861 -26822
357944 -26847
357950 -26849
358033 -26871
358039 -26873
358115 -26892
358121 -26894
358197 -26912
358203 -26913
358278 -26930
358284 -26931
358352 -26945
358359 -26946
358427 -26958
358433 -26959
358501 -26970
358507 -26971
358574 -26981
358581 -26982
358648 -26990
358654 -26991
358715 -26998
358721 -26998
358781 -27004
358787 -27004
358848 -27008
358854 -27009
358914 -27012
358920 -27012
358980 -27014
358986 -27014
359045 -27015
359051 -27015
359110 -27015
359116 -27015
359170 -27014
359175 -27014
359228 -27012
359234 -27012
359287 -27009
359293 -27008
359346 -27004
359351 -27004
359404 -26999
359410 -26998
359462 -26993
359468 -26992
359520 -26985
359525 -26984
359577 -26977
359583 -26976
359635 -26967
359640 -26966
359692 -26957
359698 -26956
359749 -26945
359754 -26944
359806 -26932
359811 -26931
359862 -26919
359868 -26917
359918 -26904
359924 -26902
359975 -26888
359980 -26886
360031 -26871
360036 -26869
360086 -26853
360092 -26851
360142 -26834
360147 -26832
360197 -26814
360203 -26812
360252 -26793
360258 -26790
360307 -26770
360313 -26768
360362 -26747
360368 -26744
360417 -26722
360422 -26720
360471 -26697
360477 -26694
360526 -26670
360531 -26667
360580 -26642
360585 -26639
360639 -26610
360644 -26607
360698 -26577
360703 -26574
360757 -26542
360762 -26539
360816 -26506
360821 -26503
360874 -26469
360879 -26465
360932 -26430
360938 -26427
360991 -26390
360996 -26386
361054 -26345
361059 -26341
361117 -26298
361122 -26294
361179 -26249
361185 -26245
361242 -26199
361252 -26190
361304 -26147
361320 -26134
361372 -26089
361387 -26075
361439 -26029
361454 -26014
361506 -25966
361526 -25947
361578 -25897
361598 -25877
361649 -25826
361670 -25805
361726 -25747
361746 -25725
361802 -25665
361823 -25642
361884 -25574
361904 -25551
361965 -25481
361985 -25457
362050 -25378
362071 -25353
362136 -25272
362161 -25240
362227 -25155
362257 -25115
362322 -25028
362352 -24987
362422 -24889
362452 -24846
362527 -24737
362562 -24685
362638 -24572
362678 -24511
362758 -24386
362798 -24322
362883 -24183
362928 -24108
363019 -23954
363069 -23867
363165 -23698
363225 -23589
363327 -23402
363398 -23268
363510 -23052
363592 -22890
363722 -22631
363821 -22427
363973 -22106
364101 -21831
364291 -21415
364478 -20991
364768 -20322
365181 -19348
366688 -15757
366696 -15738
367372 -14200
367382 -14179
367930 -12987
367941 -12965
368430 -11948
368441 -11925
368894 -11023
368907 -10999
369336 -10181
369349 -10156
369772 -9383
369786 -9357
370182 -8663
370198 -8636
370590 -7975
370607 -7947
370993 -7322
371011 -7293
371387 -6710
371406 -6680
371767 -6141
371787 -6111
372150 -5589
372172 -5558
372512 -5088
372535 -5056
372871 -4608
372896 -4576
373226 -4151
373253 -4118
373575 -3720
373602 -3686
373914 -3315
373943 -3281
374241 -2938
374271 -2904
374553 -2591
374585 -2556
374880 -2240
374914 -2204
375190 -1920
375225 -1884
375514 -1597
375551 -1561
375816 -1307
375855 -1270
376132 -1015
376173 -978
376422 -757
376464 -720
376724 -499
376768 -462
376994 -276
377041 -239
377276 -54
377324 -16
377520 131
377570 168
377773 317
377824 354
378035 502
378089 539
378309 686
378365 723
378535 832
378593 869
378770 978
378830 1014
379013 1122
379075 1157
379265 1263
379329 1299
379460 1368
379527 1403
379661 1472
379730 1506
379868 1573
379939 1606
380082 1672
380155 1704
380302 1768
380377 1800
380530 1862
380607 1892
380686 1922
380765 1951
380845 1980
380926 2008
381008 2036
381091 2063
381175 2090
381260 2116
381346 2141
381433 2166
381522 2189
381611 2212
381701 2234
381792 2256
381885 2276
381978 2295
382073 2313
382169 2330
382266 2346
382364 2360
382463 2373
382564 2385
382666 2395
382769 2403
382873 2410
382978 2415
383084 2417
383192 2418
383300 2417
383410 2413
383520 2407
383632 2399
383744 2388
383857 2374
383971 2357
384085 2337
384199 2314
384314 2287
384429 2258
384544 2225
384659 2188
384773 2148
384887 2104
385000 2056
385111 2005
385222 1950
385330 1891
385437 1829
385543 1764
385645 1695
385746 1622
385844 1547
385939 1469
386032 1388
386121 1305
386208 1219
386291 1132
386371 1042
386449 951
386523 858
386593 764
386661 669
386726 573
386788 477
386846 380
386902 282
386956 184
387006 86
387054 -11
387099 -110
387142 -208
387183 -306
387221 -404
387257 -501
387292 -598
387324 -695
387354 -791
387382 -887
387409 -982
387434 -1076
387457 -1170
387479 -1264
387499 -1357
387518 -1449
387536 -1541
387552 -1632
387567 -1722
387581 -1812
387593 -1901
387605 -1989
387615 -2077
387625 -2164
387633 -2250
387640 -2336
387647 -2421
387653 -2506
387658 -2590
387662 -2673
387665 -2756
387667 -2837
387670 -3000
387671 -3080
387670 -3238
387668 -3317
387664 -3471
387661 -3548
387653 -3700
387648 -3775
387637 -3923
387631 -3996
387618 -4142
387611 -4213
387595 -4356
387587 -4426
387560 -4634
387550 -4703
387519 -4905
387508 -4972
387473 -5169
387461 -5234
387423 -5427
387410 -5490
387370 -5678
387356 -5739
387313 -5922
387284 -6043
387238 -6220
387207 -6337
387159 -6510
387126 -6623
387076 -6791
387042 -6901
386989 -7064
386954 -7172
386882 -7383
386845 -7487
386771 -7691
386733 -7792
386657 -7991
386618 -8088
386539 -8281
386500 -8376
386420 -8563
386359 -8701
386277 -8882
386215 -9015
386132 -9190
386069 -9319
385985 -9489
385921 -9614
385835 -9779
385771 -9900
385662 -10099
385597 -10216
385487 -10408
385421 -10521
385311 -10707
385244 -10817
385133 -10996
385066 -11102
384954 -11276
384886 -11379
384751 -11581
384683 -11680
384547 -11875
384478 -11970
384342 -12158
384273 -12250
384136 -12432
384067 -12521
383930 -12696
383861 -12783
383723 -12952
383654 -13036
383493 -13226
383424 -13307
383262 -13490
383193 -13568
383032 -13745
382963 -13819
382801 -13990
382732 -14062
382571 -14226
382501 -14296
382340 -14454
382271 -14521
382110 -14674
382041 -14738
381880 -14885
381811 -14947
381650 -15089
381581 -15149
381421 -15286
381352 -15343
381169 -15493
381100 -15549
380917 -15693
380849 -15746
380667 -15884
380598 -15935
380417 -16068
380349 -16116
380167 -16244
380099 -16290
379919 -16412
379851 -16457
379671 -16573
379603 -16616
379424 -16728
379356 -16768
379177 -16875
379110 -16914
378932 -17016
378865 -17053
378687 -17151
378620 -17186
378443 -17279
378377 -17313
378200 -17401
378134 -17433
377958 -17517
377892 -17548
377717 -17628
377651 -17657
377477 -17732
377411 -17760
377237 -17832
377172 -17858
376999 -17925
376934 -17950
376761 -18014
376697 -18037
376525 -18097
376461 -18119
376289 -18175
376225 -18196
376055 -18248
375991 -18267
375821 -18317
375758 -18334
375589 -18380
375526 -18397
375357 -18439
375294 -18454
375127 -18493
375064 -18507
374897 -18543
374835 -18555
374669 -18588
374606 -18599
374441 -18629
374379 -18639
374215 -18665
374153 -18675
373989 -18698
373928 -18706
373744 -18728
373683 -18735
373501 -18754
373440 -18760
373258 -18775
373198 -18780
373017 -18792
372957 -18795
372778 -18803
372718 -18806
372539 -18811
372480 -18812
372302 -18813
372262 -18813
372243 -18813
372026 -18811
372007 -18811
371792 -18805
371772 -18804
371559 -18794
371539 -18793
371327 -18779
371307 -18778
371096 -18760
371077 -18759
370866 -18738
370847 -18736
370638 -18711
370619 -18708
370392 -18677
370374 -18675
370148 -18640
370130 -18636
369906 -18597
369887 -18594
369664 -18551
369646 -18547
369425 -18500
369407 -18496
369187 -18445
369169 -18441
368950 -18386
368932 -18381
368715 -18323
368697 -18318
368482 -18255
368446 -18245
368232 -18179
368197 -18167
367985 -18098
367949 -18086
367739 -18012
367704 -17999
367495 -17922
367460 -17909
367252 -17828
367218 -17814
366995 -17723
366961 -17708
366739 -17612
366705 -17597
366486 -17497
366452 -17482
366235 -17378
366201 -17362
365986 -17254
365953 -17237
365723 -17117
365690 -17100
365462 -16976
365429 -16958
365203 -16829
365171 -16810
364948 -16678
364916 -16658
364678 -16512
364647 -16492
364412 -16341
364381 -16321
364149 -16165
364118 -16144
363888 -15984
363857 -15963
363615 -15788
363585 -15766
363345 -15586
363315 -15563
363078 -15379
363049 -15356
362801 -15155
362771 -15131
362526 -14926
362497 -14902
362255 -14692
362227 -14667
361974 -14439
361946 -14414
361697 -14181
361669 -14155
361410 -13904
361383 -13878
361128 -13622
361101 -13595
360850 -13334
360810 -13292
360563 -13026
360525 -12984
360282 -12713
360231 -12655
359992 -12380
359943 -12321
359708 -12040
359647 -11966
359418 -11680
359358 -11604
359121 -11299
359062 -11222
358830 -10911
358773 -10833
358534 -10502
358478 -10423
358234 -10071
358180 -9991
357942 -9634
357877 -9536
357645 -9174
357583 -9075
357347 -8692
357286 -8592
357046 -8187
356987 -8086
356744 -7660
356687 -7557
356442 -7109
356387 -7005
356141 -6535
356087 -6430
355841 -5938
355789 -5832
355543 -5318
355484 -5194
355239 -4658
355183 -4532
354940 -3975
354878 -3831
354638 -3252
354572 -3088
354335 -2488
354265 -2306
354032 -1685
353959 -1484
353725 -826
353649 -606
353416 89
353339 328
353102 1079
353024 1335
352786 2139
352697 2449
352460 3304
352358 3685
352115 4623
351999 5090
351743 6160
351600 6779
351302 8126
351090 9126
350573 11675
349750 15754
349747 15769
349389 17405
349386 17419
349111 18582
349108 18596
348871 19530
348867 19544
348652 20332
348649 20345
348448 21036
348444 21049
348254 21660
348250 21672
348066 22232
348062 22245
347888 22745
347883 22757
347712 23223
347707 23235
347539 23669
347534 23680
347369 24083
347365 24095
347200 24479
347195 24491
347030 24857
347025 24868
346865 25207
346860 25218
346701 25540
346695 25551
346537 25858
346532 25868
346370 26170
346364 26180
346203 26467
346197 26477
346038 26749
346032 26759
345869 27027
345863 27037
345702 27291
345696 27301
345532 27552
345525 27561
345363 27798
345357 27808
345191 28041
345184 28050
345015 28280
345008 28290
344835 28516
344828 28525
344651 28748
344644 28757
344470 28968
344463 28977
344286 29185
344278 29193
344097 29398
344090 29406
343905 29608
343897 29616
343709 29815
343701 29823
343508 30018
343500 30026
343304 30219
343296 30227
343095 30416
343087 30424
342883 30610
342874 30618
342666 30801
342657 30808
342445 30989
342436 30996
342219 31173
342210 31181
341990 31355
341980 31362
341746 31540
341737 31548
341498 31723
341488 31730
341245 31902
341235 31909
340977 32085
340967 32091
340703 32264
340693 32270
340424 32439
340414 32446
340129 32618
340119 32624
339829 32793
339818 32799
339511 32970
339500 32976
339187 33144
339164 33156
338844 33319
338821 33331
338483 33497
338460 33508
338114 33670
338078 33686
337726 33844
337676 33865
337316 34018
337253 34044
336885 34194
336808 34224
336431 34369
336339 34403
335953 34543
335845 34582
335437 34722
335327 34759
334894 34899
334767 34939
334310 35079
334165 35121
333696 35256
333533 35301
333036 35433
332853 35480
332312 35615
332108 35663
331535 35795
331309 35845
330687 35976
330437 36026
329762 36156
329470 36210
328755 36335
328418 36390
327643 36512
327239 36571
326398 36688
325922 36749
324991 36861
324437 36923
323406 37029
322746 37091
321586 37190
320808 37249
319482 37338
318530 37394
316993 37470
315821 37518
313997 37577
312548 37611
310315 37643
308465 37654
307882 37655
307854 37655
305907 37647
